0.000000000000000000e+00 7.571457825889473803e-01 7.292015448844469949e-01 7.571457825889473803e-01 0.000000000000000000e+00 8.413710752988958763e-01 7.292015448844469949e-01 8.413710752988958763e-01 0.000000000000000000e+00
0.000000000000000000e+00 9.053073893934762140e-01 9.174748526324151277e-01 9.053073893934762140e-01 0.000000000000000000e+00 8.624946210915404032e-01 9.174748526324151277e-01 8.624946210915404032e-01 0.000000000000000000e+00
0.000000000000000000e+00 7.225195811707751936e-02 5.987653571980833256e-02 7.225195811707751936e-02 0.000000000000000000e+00 6.429331058793642528e-01 5.987653571980833256e-02 6.429331058793642528e-01 0.000000000000000000e+00
0.000000000000000000e+00 2.911947657948456003e-01 1.215438072602127439e-01 2.911947657948456003e-01 0.000000000000000000e+00 5.475757550819297936e-01 1.215438072602127439e-01 5.475757550819297936e-01 0.000000000000000000e+00
0.000000000000000000e+00 5.942735420661117152e-01 9.746265047690813033e-01 5.942735420661117152e-01 0.000000000000000000e+00 8.913661790454927569e-01 9.746265047690813033e-01 8.913661790454927569e-01 0.000000000000000000e+00
0.000000000000000000e+00 6.620661402896208525e-01 1.613942260396042938e-01 6.620661402896208525e-01 0.000000000000000000e+00 2.219129606273101407e-01 1.613942260396042938e-01 2.219129606273101407e-01 0.000000000000000000e+00
0.000000000000000000e+00 1.034000798737388926e-02 2.215754301632967271e-01 1.034000798737388926e-02 0.000000000000000000e+00 5.632618041352285276e-01 2.215754301632967271e-01 5.632618041352285276e-01 0.000000000000000000e+00
0.000000000000000000e+00 9.632532206363593197e-01 5.824222512667087681e-01 9.632532206363593197e-01 0.000000000000000000e+00 7.428249025960541596e-01 5.824222512667087681e-01 7.428249025960541596e-01 0.000000000000000000e+00
0.000000000000000000e+00 7.693074699504283132e-01 7.489846806982912719e-01 7.693074699504283132e-01 0.000000000000000000e+00 5.243042871576664155e-02 7.489846806982912719e-01 5.243042871576664155e-02 0.000000000000000000e+00
0.000000000000000000e+00 9.267340539339263827e-01 7.108271890435234885e-01 9.267340539339263827e-01 0.000000000000000000e+00 4.415164766756589643e-01 7.108271890435234885e-01 4.415164766756589643e-01 0.000000000000000000e+00
0.000000000000000000e+00 9.158029348576957052e-02 4.468653302775370539e-01 9.158029348576957052e-02 0.000000000000000000e+00 7.964921830753417531e-01 4.468653302775370539e-01 7.964921830753417531e-01 0.000000000000000000e+00
0.000000000000000000e+00 8.977613144961271718e-02 5.210863428068402969e-01 8.977613144961271718e-02 0.000000000000000000e+00 6.669340446127439703e-01 5.210863428068402969e-01 6.669340446127439703e-01 0.000000000000000000e+00
0.000000000000000000e+00 9.848660604776560135e-01 9.819935136329291936e-01 9.848660604776560135e-01 0.000000000000000000e+00 9.241599205294170893e-01 9.819935136329291936e-01 9.241599205294170893e-01 0.000000000000000000e+00
0.000000000000000000e+00 7.935671255736603813e-01 7.535878033889698013e-02 7.935671255736603813e-01 0.000000000000000000e+00 1.604791167660458706e-01 7.535878033889698013e-02 1.604791167660458706e-01 0.000000000000000000e+00
0.000000000000000000e+00 3.992747091375539181e-01 5.551222125788863870e-01 3.992747091375539181e-01 0.000000000000000000e+00 5.877446102080704504e-01 5.551222125788863870e-01 5.877446102080704504e-01 0.000000000000000000e+00
0.000000000000000000e+00 9.089234398332507459e-01 4.526312161436988335e-01 9.089234398332507459e-01 0.000000000000000000e+00 9.414388883005780917e-01 4.526312161436988335e-01 9.414388883005780917e-01 0.000000000000000000e+00
0.000000000000000000e+00 1.593598200691178635e-01 9.294333369977474391e-01 1.593598200691178635e-01 0.000000000000000000e+00 7.580739569381619303e-01 9.294333369977474391e-01 7.580739569381619303e-01 0.000000000000000000e+00
0.000000000000000000e+00 3.724449939549525634e-01 4.539046844256322544e-03 3.724449939549525634e-01 0.000000000000000000e+00 7.238249914772522109e-01 4.539046844256322544e-03 7.238249914772522109e-01 0.000000000000000000e+00
0.000000000000000000e+00 6.296048770080932000e-01 4.354112421282487766e-01 6.296048770080932000e-01 0.000000000000000000e+00 7.734870623743653750e-01 4.354112421282487766e-01 7.734870623743653750e-01 0.000000000000000000e+00
0.000000000000000000e+00 8.868674731997342464e-01 3.365584513943801204e-01 8.868674731997342464e-01 0.000000000000000000e+00 1.848326327249408818e-01 3.365584513943801204e-01 1.848326327249408818e-01 0.000000000000000000e+00
