0.000000000000000000e+00 3.587910730574667140e-01 1.921195664497851174e-01 6.351134483286670074e-01 3.587910730574667140e-01 0.000000000000000000e+00 7.127800488754043595e-02 6.133216645502161946e-01 1.921195664497851174e-01 7.127800488754043595e-02 0.000000000000000000e+00 5.055049485519839125e-01 6.351134483286670074e-01 6.133216645502161946e-01 5.055049485519839125e-01 0.000000000000000000e+00
0.000000000000000000e+00 2.273647216181806652e-02 2.358157039955809386e-01 9.384983123216593670e-01 2.273647216181806652e-02 0.000000000000000000e+00 9.729576851022772033e-01 6.191360341249650956e-01 2.358157039955809386e-01 9.729576851022772033e-01 0.000000000000000000e+00 7.286976680041965526e-01 9.384983123216593670e-01 6.191360341249650956e-01 7.286976680041965526e-01 0.000000000000000000e+00
0.000000000000000000e+00 7.488682735397877988e-01 1.767455248132582257e-01 9.499845658838943496e-01 7.488682735397877988e-01 0.000000000000000000e+00 3.947283482782929509e-01 8.987296852416081228e-01 1.767455248132582257e-01 3.947283482782929509e-01 0.000000000000000000e+00 4.084301070566799252e-01 9.499845658838943496e-01 8.987296852416081228e-01 4.084301070566799252e-01 0.000000000000000000e+00
0.000000000000000000e+00 2.508377993447785670e-02 1.481686951022682663e-01 2.246787280805843112e-01 2.508377993447785670e-02 0.000000000000000000e+00 6.577899369255357787e-01 5.182195987712745477e-03 1.481686951022682663e-01 6.577899369255357787e-01 0.000000000000000000e+00 8.647031153169418838e-01 2.246787280805843112e-01 5.182195987712745477e-03 8.647031153169418838e-01 0.000000000000000000e+00
0.000000000000000000e+00 1.233099589520566530e-01 2.864519213634385553e-01 5.481135855053408390e-01 1.233099589520566530e-01 0.000000000000000000e+00 3.610689968093089286e-01 9.729258598378449641e-01 2.864519213634385553e-01 3.610689968093089286e-01 0.000000000000000000e+00 2.795546584468014961e-01 5.481135855053408390e-01 9.729258598378449641e-01 2.795546584468014961e-01 0.000000000000000000e+00
0.000000000000000000e+00 7.779056542477496006e-01 8.354355133891805396e-01 3.396498192402156446e-01 7.779056542477496006e-01 0.000000000000000000e+00 8.236261265490696371e-02 1.200168020819245562e-01 8.354355133891805396e-01 8.236261265490696371e-02 0.000000000000000000e+00 6.166512978688474256e-01 3.396498192402156446e-01 1.200168020819245562e-01 6.166512978688474256e-01 0.000000000000000000e+00
0.000000000000000000e+00 1.029151206281662123e-01 9.503810584239855697e-01 3.493506393592962223e-01 1.029151206281662123e-01 0.000000000000000000e+00 9.833779159362576738e-01 2.587981487102821720e-01 9.503810584239855697e-01 9.833779159362576738e-01 0.000000000000000000e+00 3.289954623495100483e-01 3.493506393592962223e-01 2.587981487102821720e-01 3.289954623495100483e-01 0.000000000000000000e+00
0.000000000000000000e+00 4.882891585185493710e-01 8.596719389149888313e-01 8.914283645388729749e-01 4.882891585185493710e-01 0.000000000000000000e+00 2.843492195803897227e-01 6.031439423451504522e-01 8.596719389149888313e-01 2.843492195803897227e-01 0.000000000000000000e+00 8.954699020861804915e-01 8.914283645388729749e-01 6.031439423451504522e-01 8.954699020861804915e-01 0.000000000000000000e+00
0.000000000000000000e+00 6.931555314092103792e-01 3.036018902653171425e-01 1.583090577849330938e-01 6.931555314092103792e-01 0.000000000000000000e+00 3.702313034117589163e-01 9.463252601100502481e-01 3.036018902653171425e-01 3.702313034117589163e-01 0.000000000000000000e+00 3.757944629156180216e-01 1.583090577849330938e-01 9.463252601100502481e-01 3.757944629156180216e-01 0.000000000000000000e+00
0.000000000000000000e+00 2.785400703159300884e-01 7.056554639334398082e-01 1.137578722782206508e-01 2.785400703159300884e-01 0.000000000000000000e+00 5.142705899169152106e-01 6.617700646810512621e-01 7.056554639334398082e-01 5.142705899169152106e-01 0.000000000000000000e+00 4.557395563592903098e-02 1.137578722782206508e-01 6.617700646810512621e-01 4.557395563592903098e-02 0.000000000000000000e+00
0.000000000000000000e+00 8.565076871002602621e-01 7.392332532486511898e-02 4.794981626200066627e-01 8.565076871002602621e-01 0.000000000000000000e+00 9.969205587527900647e-01 6.639797364883492925e-02 7.392332532486511898e-02 9.969205587527900647e-01 0.000000000000000000e+00 4.346457556467818728e-01 4.794981626200066627e-01 6.639797364883492925e-02 4.346457556467818728e-01 0.000000000000000000e+00
0.000000000000000000e+00 3.388725030548951356e-01 9.202325299089427757e-01 5.087617248945420778e-01 3.388725030548951356e-01 0.000000000000000000e+00 5.795743299957736294e-01 2.783445043869349211e-01 9.202325299089427757e-01 5.795743299957736294e-01 0.000000000000000000e+00 8.688964552579847567e-02 5.087617248945420778e-01 2.783445043869349211e-01 8.688964552579847567e-02 0.000000000000000000e+00
0.000000000000000000e+00 2.000309425231325822e-01 1.136191763863441118e-01 2.245717144443634128e-01 2.000309425231325822e-01 0.000000000000000000e+00 5.456314326540334658e-01 5.248118412528172128e-01 1.136191763863441118e-01 5.456314326540334658e-01 0.000000000000000000e+00 6.123509126930545277e-01 2.245717144443634128e-01 5.248118412528172128e-01 6.123509126930545277e-01 0.000000000000000000e+00
0.000000000000000000e+00 9.752848608066407854e-01 9.419115455575332030e-01 3.556345120617833144e-01 9.752848608066407854e-01 0.000000000000000000e+00 8.557036274354026251e-01 2.125585819164075296e-01 9.419115455575332030e-01 8.557036274354026251e-01 0.000000000000000000e+00 7.642975549605861563e-01 3.556345120617833144e-01 2.125585819164075296e-01 7.642975549605861563e-01 0.000000000000000000e+00
0.000000000000000000e+00 5.108882168233450649e-01 9.964987147392947442e-01 2.854332969099625528e-01 5.108882168233450649e-01 0.000000000000000000e+00 5.589768848918662547e-01 1.296011300908983532e-01 9.964987147392947442e-01 5.589768848918662547e-01 0.000000000000000000e+00 7.024501856603295735e-01 2.854332969099625528e-01 1.296011300908983532e-01 7.024501856603295735e-01 0.000000000000000000e+00
0.000000000000000000e+00 3.701209814428609857e-01 5.305214979316351664e-01 6.807796006094899433e-01 3.701209814428609857e-01 0.000000000000000000e+00 9.324027122414983992e-01 2.718481159228924859e-02 5.305214979316351664e-01 9.324027122414983992e-01 0.000000000000000000e+00 2.681621435561761801e-01 6.807796006094899433e-01 2.718481159228924859e-02 2.681621435561761801e-01 0.000000000000000000e+00
0.000000000000000000e+00 5.689857382785407092e-01 8.598838353189619532e-01 1.802511106160136212e-01 5.689857382785407092e-01 0.000000000000000000e+00 7.685922312584460014e-01 6.999978819828914789e-01 8.598838353189619532e-01 7.685922312584460014e-01 0.000000000000000000e+00 1.397430265205024114e-02 1.802511106160136212e-01 6.999978819828914789e-01 1.397430265205024114e-02 0.000000000000000000e+00
0.000000000000000000e+00 6.447140757168354774e-01 3.183572073036681216e-01 5.318768801087494502e-01 6.447140757168354774e-01 0.000000000000000000e+00 9.909917612982788171e-01 8.374278279845355222e-01 3.183572073036681216e-01 9.909917612982788171e-01 0.000000000000000000e+00 9.992870180792183810e-01 5.318768801087494502e-01 8.374278279845355222e-01 9.992870180792183810e-01 0.000000000000000000e+00
0.000000000000000000e+00 2.523916654880158372e-01 7.534088310270223854e-01 9.937199245958427962e-01 2.523916654880158372e-01 0.000000000000000000e+00 5.543275745048613645e-01 7.046151561696372134e-01 7.534088310270223854e-01 5.543275745048613645e-01 0.000000000000000000e+00 6.574616760797431514e-01 9.937199245958427962e-01 7.046151561696372134e-01 6.574616760797431514e-01 0.000000000000000000e+00
0.000000000000000000e+00 4.574490063424209163e-01 5.746299508904451070e-01 9.793020411026008842e-01 4.574490063424209163e-01 0.000000000000000000e+00 7.243789970147790358e-01 7.060111025047842714e-01 5.746299508904451070e-01 7.243789970147790358e-01 0.000000000000000000e+00 9.414576228316983153e-01 9.793020411026008842e-01 7.060111025047842714e-01 9.414576228316983153e-01 0.000000000000000000e+00
